0.9298295091062849
0.9476430302654603
0.9989143785789587
0.9010972290314815
0.918748118680098
0.8059758402165955
0.8826826284535269
0.9220423063541368
0.9554613291001813
0.9337279384525067
0.9075267033757722
0.8622565264858384
0.9481020336570408
0.9599980356616917
0.8423320871058041
0.8728286516501949
0.932734497458297
0.915296188892756
0.9148217449394014
0.9396993067668641
0.9581400798701936
0.9223924847247695
0.9520249621439258
0.9216124498299212
0.8131442911221455
0.8231245484986713
0.8932916581900554
0.98862803690069
0.9004944851324143
0.9314501343300612
0.8906822770894669
0.8479539531936493
0.8134892753380667
0.9720515079777335
0.9548756131345025
0.9160229266461855
0.9171342469050253
0.9496879054262573
0.9548369677542083
0.9525411940646635
0.9360439342245336
0.9257018957545403
0.9372081538146444
0.8766450137120233
0.9503411106474517
0.9829866166060084
0.9770065145560854
0.8725224853208631
0.8272215805879182
0.963226072779888
0.8960533828474004
0.8003194719390339
0.9652229625119706
0.9276963064738403
0.9050199786410416
0.9403798780714621
0.9052201712748165
0.9283602260740424
0.9556777975169466
0.8809657420684526
0.9131264545511056
0.8535739759198228
0.8884064460284012
0.9113653363980037
0.8607543041813004
0.8343348451788852
0.92848073263918
0.9476129322634277
0.9466668951123836
0.9491273645676527
0.9004365501981824
0.9775634913645831
0.8714688904995866
0.9517852980710768
0.9772430098598663
0.9171571787015564
0.9134770094165452
0.9264832125714834
0.7788337409814095
0.9657311025959464
0.9686531172498871
0.9023701885848315
0.981797422229468
0.922337705710782
0.8822096111033084
0.9437711533430839
0.8112653805048122
0.8940588556688108
0.8751422294136809
0.8619042240677385
0.8595420566205889
0.9630567040594027
0.8562683290912695
0.9623351568490959
0.9101240506529866
0.8030239990643289
0.9542676227417104
0.8973979366141923
0.9062422010403194
0.7995867662806952
0.9533093530052371
0.9569292165835633
0.8690295187422277
0.9021617417553481
0.93726710130626
0.9974510476508395
0.9288037716053801
0.9090973016760459
0.9916819463494058
0.9978712608975606
0.9224811146743459
0.9179476964108971
0.9266212979244726
0.9685448551921991
0.9163997544037935
0.9429704537601776
0.9086353046308826
0.9085977103142862
0.9617124879855702
0.9903106210629197
0.8518001763909359
0.9127503406820703
0.9728217560824575
0.8491460071237188
0.9706058034920353
0.7995868547356381
0.9070762681418802
0.9282297587188877
0.9242048582440708
0.9246564674103931
0.9926191822539573
0.9533046470185369
0.8734966692396668
0.9179993306724876
0.9647124161174465
0.8628550282595802
0.8874788100564277
0.8948753843010686
0.8982031559870097
0.9873012696713204
0.9529073504742679
0.8247005100853022
0.8636863243285783
0.9561836967662559
0.9203173525404866
0.8495915826920084
0.897815364305234
0.933902966730742
0.9173728376813086
0.8971372302635325
0.9238695532358983
0.8028271828070545
0.8710663724109211
0.7679441143413356
0.8845123772740076
0.9590693019028048
0.9302498197615037
0.9529338476370603
0.9776462859228886
0.9588509675478383
0.7219352864905468
0.9508658637043358
0.9130352108644318
0.8798582505984334
0.9538974891036806
0.9270637565365465
0.9329296279622852
0.9532143308505834
0.8062357060248425
0.9451412964941798
0.8844524869072201
0.9011417146312282
0.8357334658680593
0.9081880453358647
0.8905133683429762
0.8944667532495493
0.8559046904564075
0.9097767536607296
0.9168008052019991
0.9252479683588002
0.8824580537798762
0.8890599054909704
0.9591655271694014
0.9757053029712698
0.7177538489562872
0.7687588292534332
0.9203793241681631
0.9691946094631407
0.8831157165053789
0.9359326001899796
0.8507491321736778
0.946688801042495
0.9754255835753802
0.8474795042062987
0.934235620549737
0.8662289337590428
0.9725567490260724
0.928239894996174
0.9219920715063505
0.9487481243201271
0.9770612333757278
0.9495018490110655
0.9376092363071783
0.9255781899212736
0.9004049672732031
