0.9294855008088966
0.9405917172356753
0.9956536544473951
0.9108794216235496
0.9189106056522073
0.809139516777672
0.8845446311656722
0.9225840015161434
0.9531209887366077
0.9507634049574585
0.9086916886017914
0.8826480674934393
0.9491492421793098
0.9593590863044769
0.8395719006914903
0.8915146467495505
0.9558095609423292
0.9213044521650021
0.9344274795981705
0.9409517594979157
0.9639583657209915
0.9281982724512398
0.957374767809201
0.9298751367393068
0.8072655808561753
0.8207356282565292
0.8946047480341466
0.9999308160924111
0.9002481791435958
0.9287348712737388
0.8856710083363736
0.8898767817436468
0.8221552886191522
0.9719457207082383
0.9555440928951161
0.9283704247463072
0.9170359734723946
0.9502374505872634
0.9543226707173672
0.9515883653777915
0.9408961613789173
0.92544803567596
0.9421237287050648
0.8841027833927128
0.9503732400383906
0.9873147210711709
0.9771828823683106
0.874766476613231
0.8276655450449227
0.9695603964609356
0.8960128188848793
0.8608005735751556
0.9664705117626305
0.9290456490247863
0.9205232470403307
0.9417938738508532
0.9086113416429996
0.9210427460721095
0.9495417311020474
0.8809785437932931
0.9189123233321183
0.8493179756158971
0.893940381078492
0.9180464280962529
0.8646383413379918
0.8243901203753942
0.9369562499474461
0.9496409387837031
0.9376749421684558
0.9468247774697582
0.9031799603378747
0.9776546260461668
0.8761369474547864
0.964404834562735
0.9764094454468691
0.9355415904123485
0.9081522032037724
0.9369135260901194
0.7794731158802493
0.9672670192562467
0.9687317482553073
0.89577247311242
0.9867879784259797
0.9306654482698054
0.8848273827965601
0.9444618162408309
0.8207246470114629
0.8961841727853698
0.8664468270058546
0.8616912022944907
0.8729512427148707
0.9813183645689402
0.8740645509421556
0.9775241032635217
0.9132871183239812
0.7959765513248229
0.9748571971995893
0.9143729424222556
0.9111859738899774
0.8016246502229893
0.95696087032033
0.9737364453128036
0.8875553437079162
0.906459250632434
0.9365231079425127
0.9900499793401154
0.9310202218549141
0.9052423859285568
0.9894562247547196
0.9975902788341785
0.9220321817435853
0.9189331054055457
0.9351487293184145
0.9937641660162283
0.9238072978663933
0.9465701386416682
0.9128957376574988
0.9445885361332934
0.9835053539153641
0.9902469693433052
0.8568283901585492
0.9162785182670432
0.9782043504877301
0.8656198559667951
0.9747496618842063
0.8016194166388735
0.9133299797475996
0.9429930380697564
0.9240214059261488
0.9260971910953308
0.992761301847253
0.9582236150702061
0.8998281254091727
0.9345171114146045
0.9731284381522486
0.8918697035574047
0.90817324375078
0.8915691542783052
0.8968755237219114
0.9949267628148788
0.9624111074294404
0.8296258125011129
0.877555708848278
0.9580691023182438
0.9339582737067235
0.8505673334493948
0.9002835303234289
0.941941762330816
0.92319508029917
0.9055982929847772
0.9266778589447979
0.8070060960761638
0.8873909111175465
0.7669079775622314
0.9001712256524155
0.9573169727157846
0.9333438115038334
0.9596706324886143
0.9785232553055675
0.9587211927985777
0.7394094270763092
0.951399589946748
0.9047021237474987
0.8952027354700302
0.9587871257299562
0.9237903348539137
0.9338743377427556
0.9424564187508074
0.8062388853184774
0.9764917814915145
0.8786225588260145
0.8997196995609671
0.8513249026490586
0.9103959183968255
0.8922673674231048
0.9069019841491764
0.8557687343014904
0.9203251998743515
0.9277202640687132
0.9243502986092269
0.8838410667697298
0.8873835106111891
0.9616880955996305
0.982538917940844
0.7350151199563104
0.769669574595863
0.9204068191112652
0.9689837974292793
0.8940565423939641
0.9454410257596979
0.8907118744345308
0.9379405046833629
0.9765415573151892
0.845738071427532
0.9268563506021403
0.8654936637920199
0.9777263684387655
0.918342252078214
0.9261624941695537
0.947072543688276
0.9753068803970713
0.9501405153109597
0.9244549182304416
0.9271124237540408
0.9075649833904538
